user name,user level,positive or negative,total playing time,number of helpful,content,Action,Adventure,Racing,RPG,Simulation,Sports,Strategy
http://steamcommunity.com/profiles/76561198037566588/,7,1,18.8,"
				372 of 436 people (85%) found this review helpful359 people found this review funny			","y 11, 2016
												I don't exactly know what the game is about or what is going on, but I hold the world record for completing this game the fastest at 13.2 seconds from start to finish.			",140,28,2,8,9,1,5
http://steamcommunity.com/profiles/76561198170945681/,2,1,159.0,"
				95 of 109 people (87%) found this review helpful32 people found this review funny			","ry 27
												Goes Alright			",3,0,0,0,0,0,1
http://steamcommunity.com/id/AestheticGamer/,130,1,2.6,"
				70 of 78 people (90%) found this review helpful1 person found this review funny			","16, 2015
												Before I continue, I will mention this is a rough recommend. A low recommend, if you will. In The House of Caravan, you spend the game exploring a house, you have limited lighting, and must make use of matches to light things in the environment, and a flashlight with limited battery life (I only managed to find a couple of batteries during the game). You mostly go around, looking and collecting items for puzzles, and keys to unlock doors. It's a first-person adventure game where you freely walk around, and has some slight horror tones, though nothing particularly scary happens (there's two light jump scares and some strange audio cues at points, and the house starts shaking at random intervals, but nothing particularly spooky happens from it).The house is nicely designed, and is fun enough to explore. Some of the puzzles are a bit of fun, none are too hard and most are easily solved. There's some physics when you pick things up. Some of the music is nice. The story isn't bad, but there isn't anything remarkable about it either. Game is on kind of the short side, probably taking someone 90-120 minutes to complete it. There are optional documents laying around you can pick up which have voiced dialogue talking more about the background of the game.If you can get it for a cheap price and don't mind a sort of light adventure game, it's worth playing. There are much better game's than it in the same sort of genre, but for a cheaper price it's not a bad bet. There are a few niggles with it, I witnessed some frame drops, and a few glitches of me dropping something on the floor and it flinging me into the air a bit, but nothing too bad and some light polish could easily fix this. Some audio volume elements were also a little low in my opinion.If you want to explore a house with some light puzzles in it, then it's decent. If not your cup of tea, you won't be missing anything amazing by skipping out on it.			",2618,1267,69,244,264,20,256
http://steamcommunity.com/id/Stimich/,36,1,17.7,"
				106 of 141 people (75%) found this review helpful110 people found this review funny			","y 10, 2016
												Nice game. Played it for 39 minutes. Got world record and everything. Would play again.			",0,0,0,0,0,0,0
http://steamcommunity.com/id/draelen/,60,1,2.0,"
				18 of 21 people (86%) found this review helpful			","er 12, 2016
												An ok indie walking/drawer opening simulator which can be completed with 100% achievements in under 2 hours. Buy it on a sale, otherwise looks too expensive for what it offers.			",290,110,2,36,13,2,29
http://steamcommunity.com/id/sladucka/,7,1,4.8,"
				46 of 52 people (88%) found this review helpful1 person found this review funny			","er 21, 2015
												Story begins in mansion, where you woke up in a room on the floor. You remember, that you were captured by man, on your way from school. It's a first-person adventure game. This game is just about exploring house and rooms. Yes, there are some puzzles but they are not that too hard. You can have flashlight (it's limited but you can find batteries in house). Then there we have matches, which can light candles in rooms. Be careful and open each cabinet because you can find parts of the puzzles (photos, books). The game has a terrifying sounds (opening cabinets is quite scary) but it's not a horror game. However, there are some scary moments (something falls on the ground). House is really cozy. Thanks to fireplaces, photos and paintings of family you feels like at home. The story isn't bad but there is always something that could be even better. Voices are seriously perfect. I always listened to reading of letters till the end. Playing time is really short. I don't know why but House of Caravan is really similar to game ""Amnesia"". Glitch here and glitch there. Game has a lot of glitches. Things often get stuck in walls, tables, floors. Even happened to me that I was standing in a drawer and i have seen floor over me.+ graphics+ scary sounds+ easy puzzles+ voices- glitches- playing time			",236,65,6,19,16,1,21
http://steamcommunity.com/profiles/76561198000342230/,32,1,4.9,"
				23 of 25 people (92%) found this review helpful			","19, 2015
												House of Caravan is a perfect example of games being more than a simple gameplay. You won't run from monsters, track down a serial killer or lose your sanity, but you will become immersed in a surprisingly very well-written drama with great visuals (maybe a bit too dark but still great).Of course there is a lack of action in this game, but being immersed in such deep way to the story being told, I didn’t missed it at all. I had fun playing this the game, specially the end part that comes with the credits as the voiceover made me understand some things I missed at first, and left me wanting to know more about the Caravan’s universe, when we will see House of Caravan 2?			",104,1,10,1,14,0,0
http://steamcommunity.com/id/wirdjos5/,69,0,2.6,"
				18 of 20 people (90%) found this review helpful1 person found this review funny			","4
												This is a two hour long jaunt around a 13-room, 4-bath family house in search of answers and keys. It sports three 'vexing' puzzle types: a complete-the-circuit, a piece-the-torn-up-note-back-together, and a find-the-secret-code-in-the-old-photograph; each of which is repeated once making up a grand total of six puzzles. Scattered throughout the house are ham-fisted 'letters' revealing the whos, wheres, and whys of your predicament, read out in the most tone-deaf manner imaginable. The house itself is beautiful, if a little dark, and full of the most useless items to briefly pickup and break or to simply trip over and shoot right into the roof. Though indistinguishable from any other, some items are very useful, most of them being keys to the various locked rooms. Boxes of matches and batteries for your flashlight can also be found, implying there would be anything but mild annoyance waiting for you should you fail to ration these resources. If there was some looming specter in the shadows, I certainly never found it.House of Caravan isn't bad game, it just never got around to being a good one. It has the amateurish feel of a B-horror movie and even a little of that genre's charm. If you're willing to stumble around a bit and manage to find the game for less than 50 cents, it might even be worth your time... but just barely.			",46,31,0,7,6,0,7
http://steamcommunity.com/profiles/76561197991921123/,54,1,3.6,"
				30 of 34 people (88%) found this review helpful			","16, 2015
												A pretty short game, but well worth the $6. Not really horror, but an atmospheric, creepy game much more like ""Gone Home"". The puzzles are pretty strightforward, there were one or two that had me scratching my head, but all in all a good game. My only real complaints are that it could use a bit more optimization, and some of the physics on the items are a bit wonky. Recommended!			",1581,464,27,170,133,10,126
http://steamcommunity.com/profiles/76561198042646749/,150,1,3.3,"
				22 of 24 people (92%) found this review helpful1 person found this review funny			","ry 11
House of Caravan is a first-person adventure game. You were kidnapped and taken to a mansion. To find a way out of the mansion, you'll need to explore all the rooms, gather items and solve puzzles. This is a very basic game of mystery, exploration and puzzling: the mystery is nothing special but like all adventure game mysteries it beckons to be solved nonetheless you'll either find a way into the next room or find two or three keys to other rooms so the game is not completely linear but it comes close there are only 6 puzzles and they are not hard at allMost of the negative reviews do have a point. It would have been better if the character's walking speed was a bit higher. If you want the Steam Achievements for collecting all the items and all the letters that tell the story, you will open an afwul lot of drawers. There are only 3 types of puzzles, each of which you'll encounter twice, and experienced puzzlers won't find them challenging at all.But it's not all bad. House of Caravan has decent graphics for an indie game. The voice acting isn't half bad, especially for an indie game. The game manages to create a spooky atmosphere that piques one's interest to see what you will find in the mansion and how the game will end. You have to take House of Caravan for what it is. A short indie adventure game that has you exploring a mansion while you learn why you're there. It's one of those games you should never pick up unless it's heavily discounted (at least -80%), even if the genre appeals to you. I bought House of Caravan for 19 cents and for that I got two hours of adventuring through a spooky mansion, so I'm content. And from that perspective I do recommend this game.			",232,141,2,44,9,3,34
http://steamcommunity.com/id/keohookalani/,63,1,5.0,"
				16 of 18 people (89%) found this review helpful			",", 2016
												House of Caravan is a first person exploration game that drops you in the middle of a mystery with the intention of trying to escape. The question becomes, will you escape, or are you trapped forever? This first person exploration game has a few puzzles and lot of things to explore. You start in a house and must explore the house to figure out why you are there and the mystery surrounding your circumstances. Honestly there are few bugs in the game that I noticed. Occasionally my character would 'jump' if I did something weird like opened a drawer and looked up in some weird fashion, but overall, the game was a very smooth experience that I didn't expect at all. Seeing as the game has been bundled, I was not expecting such a nice experience. Sound: The background music is rather appropriate and ominous which makes sense as you're trying to figure things out and you're not quite sure how bad things will get. The individual sound assets seemed very fitting and I never questioned them. Your character will respond to certain prompts with one phrase over and over again, which gets mildly irritating as there is no variation, but it's completely ignorable. One thing I really enjoyed was the voice acting for certain things. I could take a break during certain segments and listen to it while I took care of some small task at my desk. Graphics: A lot of time was put into making a full experience here. While the graphics may not be the best in the world, I can definitely say that they tried their best to make a complete experience. For the price tag, I have zero issues with them. Kudos to the dev. Story: The story is rather well put together. You discover bits of it as you explore and it's rather well done. A few bits could be a little more fluid, but really no complaints at all. It was rather enjoyable to find out what had happened and why between solving mysteries and puzzles. Controls: Zero complaints. Though I would have liked a bit faster running speed, it's really nothing to stress about. Everything pretty much makes sense and works. The rotation speed of objects is a little slow, but I don't really know why you'd care, unless you want to inspect everything up close and see it from every angle. Personally wasn't a factor for me. Overall: 6.9/10 - Honestly the game is very good for what it is. Even though the game has been bundled in the past, I don't see any reason not to spend $5 on it. I think the developers did a great job on this game and deserve support. It's a cohesive gaming experience that immerses you into the world of the protagonist and challenges you with some fun puzzles in between your explorations. A very nice experience.			",2283,873,58,239,248,14,282
http://steamcommunity.com/id/certifiablygeeky/,16,1,4.1,"
				19 of 24 people (79%) found this review helpful1 person found this review funny			",", 2015
												It's a fun mystery and puzzle game. The atmosphere reminded me of Amnesia, but it's definitely not a horror game. It is shorter than I would have liked, but for the price it's not bad at all.			",49,32,0,9,1,0,2
http://steamcommunity.com/profiles/76561198063833432/,30,1,4.3,"
				12 of 14 people (86%) found this review helpful11 people found this review funny			","6, 2016
												Thank you based Cr1TiKaL, good job on the WR     :  ^)			",0,0,0,0,0,0,0
http://steamcommunity.com/profiles/76561198071381962/,82,1,2.9,"
				16 of 18 people (89%) found this review helpful1 person found this review funny			","8, 2015
												I had a good time with this one. The story is a weird one told through text on-screen but it's done in a way that's easier to understand then some of these FP adventures. I did find it at time a little difficult to work out where I was meant to be going, especially at one point towards the end and there still seems to be no clues. I just ended up getting lucky. The game looks good but again fairly short.			",264,375,0,78,10,0,0
http://steamcommunity.com/profiles/76561198313715664/,142,1,3.2,"
				10 of 10 people (100%) found this review helpful1 person found this review funny			","er 7, 2016
												House of Caravan is a short atmospheric puzzle game that provides the player with a few hours of gametime in which the player will be exploring a mansion and solving various puzzles. Bugs are by no means frequent, but may occur and force you to restart your progress. The game overall manages to provide the player with enough substance to justify a purchase.			",21,9,0,3,0,0,0
http://steamcommunity.com/id/MW2K/,8,1,2.2,"
				11 of 12 people (92%) found this review helpful			","er 23, 2016
The goodOccasionally intriguing storyDecent use of the Unity engineReasonable visualsSome creepy ambient soundsEasy to get a perfect game on SteamPuzzles can be challengingI got it for 49 centsThe badMinimal replay valueSome lost in translation issues (or just poor copyediting, who knows?)The interactivity could be better handled			",314,196,8,41,34,6,53
http://steamcommunity.com/id/lakewaterontap/,16,1,16.1,"
				15 of 20 people (75%) found this review helpful1 person found this review funny			","ber 27, 2015
												Tentative positive review.  I LOVE ""explore the old house while figuring out what happened there"" games.  And this one does quite a bit right.  The actual story content is short and lacks detail, but remains solid and interesting.  The graphics and atmosphere, in still images, are brilliant.  However...I don't know what game engine was used to make this, but it's an awful fit.  The physics in play is frequently inappropriate and distracting.  Your character clips onto random surfaces like open drawers and any miscellaneous stuff strewn about.  As a result, the camera seems so shakey that you might feel some slight motion sickness by the end.  Occasionally, completely ridiculous things happen, like getting caught up in a tapestry and being launched up to hit your head against the ceiling.  The game includes flashlights that run out of batteries and a finite supply of matches.  Neither is really in short supply, which means this is just a pointless annoyance.  You're just reluctant to use these things, which distracts you from the good part of the game: intense exploration.  Puzzles are well designed, but poorly implimented.  For about half, your character refuses to begin until you've found a handful of nearby objects.  That would be fine, except your character is unwilling to tell you what he imagines you still need beyond phrases like ""I need something.""As a plus, I find the game's estimate of ""60-90 minutes on a first playthrough"" to be weirdly modest.  If you don't have a walkthrough propped up in front of you the whole time, I'd really expect it to be double that, at least.It really was fun.  And it's hardly expensive.  Just expect it to feel a little rough around the edges in a handful of ways.			",54,394,0,13,18,0,13
http://steamcommunity.com/profiles/76561198201178622/,2,1,2.7,"
				8 of 8 people (100%) found this review helpful			","9
												It has become very difficult to find good adventure games in this day and age, yet I feel this brief game has given me a taste of a forsaken genre. That alone speak volumes, if you knew me.House of Caravan is a fairly short game which might be completed in a single sitting. Two of the five achievements are optional, and completing all five may be done in as little as two hours total. There are a handful of puzzles, none of which should prove very difficult.Visually, this game is rather atmospheric, and the annoyingly low levels of light are offset by a flashlight that you will only occasionally need. Matchboxes containing single matches are found in abundance, and you will have a surplus even after lighting all of the candles... if you even choose to light them. Replacement batteries may be found for the flashlight, although you will likely never need them.The story is almost completely contained in a series of 14 documents, and the rest is in the opening and ending sequences. There are no horror elements or jumpscares to this game, a fatal flaw inherent in almost all adventure hybrids these days. Instead, there are simply a few minor earthquakes presumably caused by the house settling. I feel the programmer threw them in to appease the jumpscare fanatics.If I have one gripe about this game beides the length, it would have to be the controls. Simple and mostly intuitive, selecting inventory items for use can sometimes be a pain. You will also occasionally get stuck on doors if you leave them open, although this is more of a nuisance than any real problem, as you can either navigate around the door or simply shut it.There really isnt much else to say about House of Caravan. It's a short run and evidence the adventure genre still works great on its own. A sequel would be lovely due to the very short length and limited replayability. However, the price is what you would pay for a simple lunch, which I find reasonable for the overall quality of the game. 9/10			",111,127,0,21,31,1,23
http://steamcommunity.com/id/cardanai/,16,0,2.0,"
				9 of 10 people (90%) found this review helpful1 person found this review funny			","y 13
												House of Caravan is a game that lacks an identity and has been poorly designed on a fundamental level. As a first game for a studio it's not horrible, and the price is reasonable for the amount of playtime, but for their next game I hope the developers learn that opening drawers is not the best gameplay. The good:Solid scope for a first game, they did not take on too much.Coherent style in the graphics, and enough variation in models/props to avoid being repetitive.Hidden doors in a mansion. Who does not like hidden doors?The mansion itself seems to have gotten some love, even though it does not feel like people have actually lived in it.The bad:The writing is terrible on a fundamental level. Who writes a letter about a murder that they commited to the person who asked them to? and who keeps said letter in a drawer in a garage? signed with both names? The letters are clearly not written to a person, they are just a tool to tell the player what they should know. The puzzles are varied, but their sollutions are sometimes less than elegant, and essentially you just walk around opening drawers until you find the right items. You don't feel smart when you succeed, which you should always aim for as a game designer.VO is not the worst I've heard, but it does nothing to elevate the writing.The ending is abrupt, and we are left with no sense of how the main character felt about the whole thing.The repetitive voice lines for trying to open locked doors and finding match boxes are super enoying and shatter any immersion. In Conclusion: As a first game from a small studio it's not the worst I've played, but when you brag about having worked on the Witcher etc, I expect a more polished experience with better fundamentals of what the player actions are. Also: sprint is too slow, walking is too fast.			",137,54,1,19,10,2,14
http://steamcommunity.com/id/rogapple/,52,1,18.8,"
				10 of 12 people (83%) found this review helpful1 person found this review funny			","er 5, 2016
												----Pros-Decent graphics-Interesting story, mainly told through the documents you can find-Puzzles aren’t overly complicated----Cons-Every time you pick something up, your character comments. Picking up the 11th matchbox to hear him say “a matchbox” for the eleventh time is redundant-Pretty short for its price-Puzzles are repetitive-Doesn’t tell you anything			",1,0,0,0,0,0,0
http://steamcommunity.com/profiles/76561198105491395/,10,1,1.8,"
				8 of 9 people (89%) found this review helpful			","er 10, 2016
												Simple quest with 4 easy puzzles. Some story and no horrors. Just walk, read letters, collect items and that's it. 5/10			",56,34,0,7,4,0,11
http://steamcommunity.com/profiles/76561198049160248/,22,1,2.2,"
				8 of 10 people (80%) found this review helpful			","er 7, 2016
												+creepy atmosphere+puzzle+easy achievements+cheap(sale-90%)+/-story-short-repeated wordOfc I like this.			",71,28,0,1,4,2,7
http://steamcommunity.com/id/larserno/,11,1,6.7,"
				10 of 14 people (71%) found this review helpful7 people found this review funny			","ry 28
												I have no idea what this game is about, but atleast I have the world record for it in OOB			",14,1,2,0,2,1,2
http://steamcommunity.com/id/silentskipper/,3,1,10.1,"
				9 of 11 people (82%) found this review helpful3 people found this review funny			","er 13, 2016
												This is a game built around story, revealed to the player through documents and puzzles. My favourite puzzle was how to finish the game as quickly as possible using only a chair. I enjoyed finishing this game in 12.6 seconds.			",0,0,0,0,0,0,0
http://steamcommunity.com/id/grimmute/,47,0,3.1,"
				19 of 30 people (63%) found this review helpful6 people found this review funny			","r 15, 2015
												Drawer Opening Simulator 2015.House of Caravan's gameplay only consists of opening drawers and slowly walking around, checking if you can pick up every single item around with only 2 or 3 jump scares here and there without a single reason. If you're looking for a relaxing, story-driven game play Dear Esther, Gone Home, anything else but this game.			",874,312,25,68,51,13,88
http://steamcommunity.com/id/goober/,31,1,1.7,"
				5 of 5 people (100%) found this review helpful			","ry 25
												Neat game, was fun for the 1.5 hours I spent playing it and definitely worth more than the 21 cents I paid for it.The game looks very good graphically, and the story is moderately intriguing. That being said, the game is not without some issues - primarily the poor quality voice acting.			",157,92,0,7,6,1,4
http://steamcommunity.com/profiles/76561198079075575/,8,1,3.0,"
				7 of 9 people (78%) found this review helpful			"," 2015
												After reading the game description I decided to purchase and play the game. I have finished the game and have played several times now, and I think game feeling was really good, a better feeling than other games more expensive than this one. It feels like a real game for an affordable price. Also there are some fear effects that work very well too.In overall I think this is puzzle game in a dark house with dark ambience, and I think this combination works very well.The game is exactly what is mentioned on the game's description, recommended!			",1,0,0,0,0,0,1
http://steamcommunity.com/id/Pakkidis/,60,0,1.8,"
				10 of 15 people (67%) found this review helpful			"," 30, 2016
												Rating: 5.5/10Overview: First Person Point and Click Adventure The Bad:-slow movement speed- puzzles that are too easy to solve - lackluster story- must search every drawer/cupboard to find essential items - lackluster voice acting- 1-2 hour playtime  There are many other games out there to fill your time. A decent game if you can get it in a bundle but otherwise move on to something else.  ",731,344,32,73,63,8,96
http://steamcommunity.com/id/gamingkatze/,26,0,2.5,"
				4 of 4 people (100%) found this review helpful			","21
												Got this for fifty cents, but was still pretty let down.  Atmosphere is great, but literally nothing happens the entire time.  The house shakes a lot, but it never reveals why.  The story was incredibly weak and I just never felt like I was ever in any danger.  Light sources are everywhere, didn't care about the flashlight or matches at all.  The voices all sounded very much alike and over edited.  The ""boy"" you are supposed to be looks like a full grown man in the short cut scene at the beginning.  Although his voice does sound like a child, which just makes it even weirder.  I'm also pretty sure that the models for the wolf, fox & stag heads are from Skyrim.Didn't really enjoy it at all and the ending was incredibly bland.			",98,29,0,32,10,1,4
http://steamcommunity.com/profiles/76561198030899070/,42,1,3.0,"
				5 of 6 people (83%) found this review helpful			","ry 8
												Spooky.Haunting music, sounds and noises.Nice graphics. Hard to get out of the house without the (occasional) help of a walkthrough. If played slowly, late at night, in a dark room, with a big monitor and headphones on the experience is a sense of oppression and need to escape.Relatively short but extremely enjoyable.Bought for less than a Dollar... Fantastic deal.			",32,42,1,5,17,0,20
http://steamcommunity.com/id/95936646/,36,1,4.1,"
				3 of 3 people (100%) found this review helpful			","24
												Short mystery/puzzle game with a somewhat creepy atmosphere. For refrence, it looks and plays just like Amnesia. A couple of fun puzzles. Story is okay but not terribly inventive. Nevertheless it's a fun couple of hours.7/10			",149,65,2,3,5,2,5
http://steamcommunity.com/id/richbags12/,71,1,6.4,"
				4 of 5 people (80%) found this review helpful			","ry 3, 2016
												I wasn't expecting that ending. Pretty good story. Great puzzles and the art is awesome.			",381,259,7,43,42,2,25
http://steamcommunity.com/id/rainer_s/,17,1,3.9,"
				6 of 8 people (75%) found this review helpful			","23, 2015
												To me personally, it’s a hidden gem.  It’s a first person exploration adventure with the objective to find hidden things and solve puzzles; doing so, will reveal new parts of the mansion. Pages discovered during your exploration, brings the story onwards. Atmosphere, graphic, music and sounds are just great.			",406,520,8,26,20,2,8
http://steamcommunity.com/id/DriftNinja/,18,1,0.5,"
				3 of 3 people (100%) found this review helpful1 person found this review funny			","16
												Had way more fun smashing pots and random things in the house then taking the story seriously.Also kept hiding TP in the Loo and flushing it. Could not take this seriously. The atmosphere is supposed to be there, but its fun just to mess around with objects and see what happens. Many items glitch and or disappear. It honestly feels like what would be a Slender type game with the idea that something is chasing or seems to be chasing you. However when you read the first couple of documents or rather, have them read to you, things become much more clear rather quickly. Controls are awful, they can be adjusted to an extent. Mainly purchased this to support a genre i would like to see more games out of. I do not regret my purchase, but it certainly feels like more effort could have been put into this game. The house and artwork themselves are rather nicely done.			",101,87,17,28,3,0,6
http://steamcommunity.com/id/LastNonak/,38,1,4.7,"
				4 of 5 people (80%) found this review helpful			","22, 2015
												""House of Caravan"" is a fun, little game, where you have to explore a house and solve puzzles to move on. There are nearly no jumpscares, despite of that there`s a really scary atmosphere. It`s possible to sprint, crouch and jump. You have limited resources of matches and flash light batteries. That makes the game interesting, I think. The puzzles aren`t too hard. Sometimes they are a bit easy, but usually average. Often you have to open safes to gain access to new parts of the house. I really liked the puzzles and this principle. Unfortunately the game is sometimes buggy and I hope the bugs get fixed soon(you can even skip one part of the house). Additionally the length is about 90 minutes. The price is really cheap. All in all I really enjoyed the ""House of Caravan"". If the bugs are fixed, i would recommend it!			",198,173,5,9,12,4,32
http://steamcommunity.com/id/justinandrewmd/,11,1,2.6,"
				4 of 5 people (80%) found this review helpful			","er 13, 2016
												This game is so well made, although I found a fun glitch using chairs.  The house is so creepy but amazing at the same time and the puzzles are actually difficult and take some time. I cant wait to play some more.Some Gameplay


YouTube™ Video:  

			Views: 0		



 ",0,0,0,0,0,0,0
http://steamcommunity.com/id/drugzone/,17,1,1.5,"
				4 of 5 people (80%) found this review helpful			",", 2015
												To be an indie game made by a pretty small team it's a very nice game, also fits well with that price,It has a well made atmoshpere, and now with the first patch solved a couple things that community asked for.The only thing maybe i would say its about the duration or optimization , but about the optimization has improved and runs better now with the first patch , also got some options to tweak now, maybe more in the future but not complaining about it. and for the duration its a good duration for an indie game and for the price they are asking, but always gamers want more and more :P			",170,18,5,19,13,2,7
http://steamcommunity.com/id/Arkanum_Krieger/,42,1,6.1,"
				4 of 5 people (80%) found this review helpful			","29
												The two greatest advantages of House of Caravan are, perhaps, a nice picture and a good atmosphere. The house of the Caravan family came out very alive, there is a separate charm in these dark corners and carved furniture, and the sound accompaniment quite harmoniously completes the atmosphere with rustles, creaks. The puzzles in the game are very simple, perhaps even too simple, and the hints are too obvious that it does not require any cunning deductions from you. The game is short and simple. A spoiler for those who are afraid: there are no monsters in the game, only terrible sounds.			",13,1,1,0,0,1,1
http://steamcommunity.com/profiles/76561198046065881/,100,1,0.5,"
				4 of 5 people (80%) found this review helpful			","ry 6
""I need something""  o_0...and that ""something"" is a Hint button.I didn't find the gameplay very intuitive, the controls were a little clunky at times, and I can't imagine making it all the way though this game without referring to the walkthrough in the Guides section at least a few times. But the graphics were good and I really enjoyed moving freely around the environment (vs. the still-frames/animations situation that you often find in similarly themed mystery games). Once I just accepted that I was going to have to refer to the walkthough every now and again, I was able to enjoy it enough to give it a mild recommend.If you're okay with an occasional walkthrough reference and slightly different gameplay than you'd find with the typical point & click mystery game - and even factoring the valid criticisms in the reviews - you might still find it worth a play through. Get it on sale.PS I almost exclusively play offline. I typically only play online long enough for Steam to allow me to write a review. So Steam only shows that I played 0.5 hrs although I've played at least 3 hrs and have completed the game.			",0,0,0,0,0,0,0
http://steamcommunity.com/id/chinissmin/,57,0,1.2,"
				4 of 5 people (80%) found this review helpful			","y 20
												House of Caravan is a decent game if you were to get it on sale. Otherwise it's not worth picking up. It's quite short and only has a couple minor jump-scare moments. The majority of the game is looking through a plethora of cabinets and drawers trying to find items in order to allow you to solve the next puzzle. The puzzles are a little time consuming, but easy to figure out and get repititious quickly.			",228,62,1,19,15,2,13
http://steamcommunity.com/id/Mattlex/,10,1,1.5,"
				5 of 7 people (71%) found this review helpful1 person found this review funny			","25, 2015
												So i went in this game not knowing to much about it feels a lot like the game going home so if you liked that this is similar but also has a bit of Amnesia feel to it because you can interact with a lot of stuff.Like if you want to smash a vase or plate on the ground you can totally do that lol The story was pretty good more of a drama with a creepy feel to it.Only thing i noticed about the game is could use a bit more optimization just in the one room that has the trap door frames really jumped around in there for some reason.Would totally be down for a sequel That would be awesome :) If you want to check out my gameplay on it that would be awesome :D 


YouTube™ Video:  

			Views: 0		



 ",0,0,0,0,0,0,0
http://steamcommunity.com/id/aidendemon/,6,1,4.1,"
				6 of 9 people (67%) found this review helpful			","y 26, 2016
												People, if some of you will buy this game, Death In Candlewood will go live much sooner.			",159,3,1,8,3,0,12
http://steamcommunity.com/id/ZEbanizteam/,140,1,2.2,"
				3 of 4 people (75%) found this review helpful			","y 5
												The atmosphere was quite good.Puzzles are designed fairly not too difficult nor too easy.It is an interesting game espeacially with this price			",19,2,0,2,0,0,0
http://steamcommunity.com/profiles/76561198158938940/,29,1,1.9,"
				3 of 4 people (75%) found this review helpful			","er 9, 2016
												My first AVG type of game, not that difficult a bit repeat but overall worth playing.			",0,0,0,0,0,0,0
http://steamcommunity.com/id/emblemparade/,58,0,1.8,"
				8 of 13 people (62%) found this review helpful			","24, 2016
												An exploration game with trivial point-and-click adventuring, insignificant puzzles, and minor jump scares. The mansion is pretty and the visuals very atmospheric, but unfortunately the story is uninteresting, obvious, and very poorly told. The voice acting is very amateurish and breaks whatever atmosphere is created by the visuals.There's some raw talent behind this game, but the production team really needs to sit down and design an engaging story before building a complete game.			",2076,963,62,223,262,21,302
http://steamcommunity.com/profiles/76561197973230221/,20,1,2.7,"
				13 of 23 people (57%) found this review helpful			","er 13, 2015
												Nice little game piece with searching keys and part of the story on 14 letters. The design is okay, the sound too. Try yourself the game and hopefully enjoy i give the game 84 % points. Its a bit short, sometimes you need to search your way a bit but test yourself and get to the end.			",2529,1135,73,265,296,25,355
http://steamcommunity.com/id/kovicplayz/,31,1,2.4,"
				2 of 2 people (100%) found this review helpful			","4
												I liked this game enough to give it a recommended vote, but I was on the fence about it.The game ran smoothly for me and I thought the atmosphere and gameplay was well done for a game that is on sale for under $1 very often.The puzzles you come across are for the most part simple to figure out and if you get stuck there are more than enough walkthroughs online.If you enjoy first person horror puzzle games, and you get this on a super sale, then sure, add it to your library.  It is a short game though, so don't expect more than 1-2 hours out of the gameplay.			",1110,411,47,67,97,11,72
http://steamcommunity.com/profiles/76561198360288858/,12,1,2.2,"
				2 of 2 people (100%) found this review helpful			","7
												Not too bad of a game. Took me about 2 hours to complete a run through (but I take my time and explore). The puzzles were challenging but not impossible, which made it a lot more enjoyable in my opinion. At a cheap price, not a bad game to play through and earn a few drops in the process.			",9,11,0,3,9,0,2
http://steamcommunity.com/profiles/76561198130904857/,3,1,1.6,"
				2 of 2 people (100%) found this review helpful			","21
												So after finishing this game I can say this:Nice atmoshphereSmooth gameplayfun puzzles Interesting storyBut this game isnt for you if you expect jump scares I was really hoping that there would be some and was dissapointed			",89,14,2,8,6,0,7
http://steamcommunity.com/id/-TexWiller-/,14,1,3.1,"
				4 of 6 people (67%) found this review helpful1 person found this review funny			","r 6, 2015
												Short atmospheric first person exploration adventure with few puzzles.You go around a dark mansion exploring the story. Looks and sounds great.Pros:- The mansion looks great.- Good story.Cons:- Very short.			",2954,1222,109,369,452,41,488
http://steamcommunity.com/id/deadcantdance/,73,1,2.0,"
				1 person found this review helpful			","er 30, 2016
												A MATCHBOX!It's an okay game for my paid 0,49 Euro. 4,99 Euro are way to much. Okay story, okay puzzles. I enjoyed the time and rate it good, because it is not this bad, but also not scarry.			",107,60,2,13,7,1,3
http://steamcommunity.com/id/HardLens/,37,1,3.1,"
				2 of 3 people (67%) found this review helpful1 person found this review funny			","er 25, 2016
												Good			",199,60,4,16,19,5,27
http://steamcommunity.com/profiles/76561198122287688/,135,0,1.4,"
				3 of 5 people (60%) found this review helpful			","y 2
												Welcome to a trial of patience. With a super slow walker terrible pacing and Gliched puzzles. ONly worth it if you get on a bundle OR 90% discount			",110,48,1,24,14,0,6
http://steamcommunity.com/id/ollehhhh/,4,1,3.1,"
				6 of 11 people (55%) found this review helpful			","ry 18
												finished in 17 seconds10/10 would glitch through walls again			",244,17,2,19,17,2,16
http://steamcommunity.com/profiles/76561197978226539/,10,0,1.7,"
				5 of 8 people (63%) found this review helpful			","er 25, 2016
												Not super fun. Just kind of meh. The story isn't particularly great, the puzzles are incredibly easy. The hardest part is finding all the stuff lying around to complete the puzzles, not the puzzles themself. I bought it for 50 cents. I guess it's worth that, but I wouldn't pay full price for it, hell, I doubt I'd pay half price for it.			",98,20,1,20,7,0,14
http://steamcommunity.com/id/boregasmicgaming/,6,1,6.3,"
				1 person found this review helpful			","er 26, 2016
												One of those games that has a very interesting and sinister story. Gameplay is great, graphics is good. Puzzles? A bit annoying since you don't have a clue on what to use and/or what to do next.Overall, I had a fun time playing the game. The house is really creepy and the story will get distubingly interesting as it progresses.Here's my take on the House of Caravan :) See if you like it.


YouTube™ Video:  

			Views: 0		



 ",22,13,0,2,0,0,0
http://steamcommunity.com/profiles/76561198058380254/,24,0,0.4,"
				3 of 5 people (60%) found this review helpful			","er 29, 2016
												House of Caravan is a game where you drawers until you find the thing. For some reason you throw plates around which is cool i guess. The torch or ,flashlight as the annoying child would say, doesnt have a battery indicater so instead it just kinda slowly dims until you find a drawer with a battery in it, so thats a thing i guess. After you found the thing you walk around trying to use the thing on the many other things and every ♥♥♥♥♥♥♥ time this little brat says ""I need something"". This is especially annoying when used on a door because he could just say its locked instead of being immensely perplexed at what kind of magical object can open a door.I paid 39p for this game and i feel ripped off the only thing this kid needs is an expanded vocabulary			",428,135,8,44,43,3,65
http://steamcommunity.com/id/dvk/,2,1,1.3,"
				1 person found this review helpful			","y 1
												Pleasantly surprised! I received this game in a $20 bundle of 40-something games; most of them were complete trash but House of Caravan got me hooked and I played through it all in one sitting. It isn't a long game and the puzzles aren't brain-melting but the story keeps you going and for such an indie game the house is very detailed. You can open every drawer and cupboard, pick up almost every object and examine it... it reminds me a lot of Gone Home but with a darker story.If you're looking for a quick 2-hour puzzle game in the vein of Amnesia, check this one out!			",345,88,5,77,58,2,89
http://steamcommunity.com/profiles/76561198261972637/,70,1,1.9,"
				1 person found this review helpful			","y 2
												House of Caravan is an atmospheric puzzle game with a touch of psychological horror.The game is quite short, if you go straight to solve the puzzles and collect the items needed to proceed you may probably beat the game less than an hour. The reason why it took me nearly 2 hours is that I spent a lot of time messing with the objects I picked up or wandering around the house appreciating the pictures hanging on the wall, which I don't regret because I actually had a good time immersing myself in the environment and atmosphere the game provided.The story is mainly about the bond in the Caravan family, which didn't impressive me much but solid enough as a background of the game. You'll play as Lester, a distant son of the Caravans who was kidnapped by a stranger on the way home, waking up to find out that he was trapped in the house of Caravan and must find a way out. While playing the game, you'll collect letters and documents that tell the past events of the Caravan family and reveal the truth behind the abduction.The game has a somber and eerie atmosphere owe to its graphics and sounds. First of all, the game looks good, maybe not as good as the Vanish of Ethan Carter or Layers of Fear considersing it's probably low-budget but still has a good feel in it due to the attention to details and artistic appreciation. Most of the areas in the mansion are either dimly lit by candlelights or completely dark so you'll need to rely on your power consuming flashlight to explore before you manage to find a lamp which is the legitimate light source in the game. In the meantime, you'll need to conserve the power of your flashlight because it runs out fairly quick and there're only a couple of additional batteries hidden in some drawers, but there're plenty of matchboxes scattered around the house for you to ignite the candles though, which helps quite a bit. Usually, games with dark environment that lack of proper lighting annoy me a lot, but this game is fine by me.The background music and sound effects of the game are great. You'll hear creaking sounds by doors and floor, mysterious growling, or rumble of the house every now and then, which can make you paraniod because they happened abruptly and when you look around, nothing actually changed. However, these sounds can become quite repetitive once you get use to them and realize that nothing's gonna happen to you, thus losing their psychological effects. It's also worth to mention that there're several jumpscares in the game, which did worked on me because I was unprepared and I'm glad that the devs didn't overuse them. Overall, the sound effects contribute a lot to the atmosphere and keep you on edge throughout the game.The gameplay is simple. You find keys to unlock rooms, collect letters, find puzzles, sovle the puzzles or search for items required to solve them. Puzzles are quite easy, for example, piecing torn notes together, spying photos with magnifying glass for codes, or connecting wires. You can pick up a tons of objects and rotate or zoom in on them, pictures, newspapers, books, jars, sacks, chairs, etc. Most of the objects are useless but it's fun to deliberately break a plate or ink bottle once in a while, sometimes accidently. After all, the freedom to interact can always add to the gameplay, especially for this type of games.The optimization may need a bit of work but the general performance is good and I didn't come across any bug during the two-hour span. My biggest complaint about the game is the voice acting, it's not terrible but feels stiff and emtionless, kinda breaks the immersion for me.Well, all in all, I totally enjoyed playing this game. If you want an atmosphereic experience with some puzzles to solve, House of Caravan can be a nice treat for you.			",258,206,0,15,8,0,8
http://steamcommunity.com/profiles/76561197963164050/,14,1,2.8,"
				4 of 7 people (57%) found this review helpful			","y 1, 2016
												It's basically a HO Game. You have to search each room, until you find an item/clue how to progress. There are a few puzzles in the game, which are not very hard to solve. It's also a rather short game which can be done 1-2 hours on your first playthrough + about a half hour extra time, when you want all achievements (you have to search a lot eventually to find everything).I would recommend it for the (creepy) atmosphere and nice design.			",323,169,3,25,13,2,15
http://steamcommunity.com/profiles/76561198253607356/,10,1,3.3,"
				2 of 4 people (50%) found this review helpful1 person found this review funny			","8
												Cons:Control sucks.Instructions are vague. You got lost at first puzzle. Again even at the second one.Narrator vocals are funny. Kind of reminded me of Google translation or what.Story is rather weak.Control really sucks.Pros:Graphics and details are good.Nice atmoshpere.You can break whatever things you like, plates, bottles, frames...No monsters come from nowhere hunting you down all the time(which I feared most when playing Amnesia). Only disturbing sounds and shakes.NO MONSTERS is THE BEST PART.I have to say the first time I entered game I really determined to give it a thumb down, cause I bought it for an original price but it just looked like something unfinished. There're not enough notes for what to do next and I got lost for times. But after finishing I thought I did enjoy the exploration. This big house has the atmosphere after all. There're no disturbing ghosts or monsters so I could focus on puzzle solving. Though the control is really shxtty. And the story is not impressive.Recommended for those who like walking stimulation or just want to kill some time.			",19,57,0,6,1,0,0
http://steamcommunity.com/id/FuxasYT/,17,1,2.2,"
				1 of 2 people (50%) found this review helpful			","18
												Probably the best game you can buy under 2$... Really happy about it, the story is cool, hard objectives. 10/10			",9,1,1,0,1,0,0
http://steamcommunity.com/id/GamesMaxed/,30,1,1.6,"
				1 of 2 people (50%) found this review helpful			","4
												Short, fun game			",40,5,0,4,1,0,9
http://steamcommunity.com/id/dragos1341/,12,1,0.7,"
				1 of 2 people (50%) found this review helpful			","4
												old but gold			",39,10,0,1,3,0,0
http://steamcommunity.com/id/crystalwalters/,9,0,4.0,"
				5 of 10 people (50%) found this review helpful			","13
												This title has multiple game-breaking bugs that will make it impossible to finish. Good thing I only paid 49 cents for it.			",2,21,0,1,1,0,0
http://steamcommunity.com/id/heaven_eyes/,5,1,5.0,"
				7 of 15 people (47%) found this review helpful1 person found this review funny			","ry 11
Nice game. Played it for 3.5 hours. Would play again.10/10 ",279,71,6,25,20,2,18
http://steamcommunity.com/profiles/76561198049692343/,62,1,1.9,"
				1 of 2 people (50%) found this review helpful			","er 9, 2016
												i dont think im the same as i was before playing this game. it took me only 2 minutes to complete the game, without the advanced speedrunning techniques, but this game taught me a lot. i taught me that 50 cents can buy a good game.			",69,8,0,5,3,0,3
http://steamcommunity.com/id/tacitus_/,1,0,5.3,"
				1 of 2 people (50%) found this review helpful1 person found this review funny			","er 26, 2016
												I wish steam had a meeh recommendation.  I began by totally hating because I found the controls unintuative and clunky and it felt like I was walking in molasses.  However, I got used to gameplay after awhile and sort of enjoyed the game by the end.  But the problems remain and at full price I just can't recommend it; at the price I paid (50 cents) its OK. BTW the hellreader achievement might not be working - one of the letters appears to be missing.  And if anyone was alarmed by the 5+ hours of gameplay at least 2-3 hours was the game idling.			",0,0,0,0,0,0,0
http://steamcommunity.com/profiles/76561198023419621/,12,0,0.8,"
				3 of 6 people (50%) found this review helpful			","ry 14
												Really not worth your time unless you're jonesing for a mystery/horror fix, and even then it's going to be a mediocre experience. Laughable voice acting and writing, and essentially just a series of locked box puzzles. Dull, uninspired, and you've likely seen it done better before.			",53,44,0,11,4,4,13
http://steamcommunity.com/id/Yirg/,45,0,4.0,"
				4 of 8 people (50%) found this review helpful			","ry 26
												I haven't played enough of this game to say if it's overall good or bad, so no grade this time. I do however vote Not Recommended because of an inane game breaking bug that prevents me from continuing the game without starting over, and all of this because (according to information on the forum), I visited rooms in the wrong order. Life is too short to waste on games like this.			",733,394,27,41,38,6,41
http://steamcommunity.com/profiles/76561198262080096/,23,0,3.9,"
				5 of 11 people (45%) found this review helpful9 people found this review funny			","ry 7, 2016
												Things I learned playing House of Caravan:- books are very nervous, they tend to shake when taken up- books can also frequently fall _into_ walls, closed cupboards and armchairs- be careful when you gently move the book - you may make large armchairs fall- one needs to open all drawers to find answers - 30 times is just about enough (per room)- when you drop a small sack under your feet, it may be impossible to step over it and you will have to go around- a child who is unable to see what's in the top drawers without jumping will have no problems connecting electrical circuits, and combining wires together- a child who is unable to come up with an idea to escape the house through a window (on the ground floor) will be able to investigate clues and solve puzzles that need analytical knowledge- each closed box has only one, specific for that box, way of brute force opening- in early XX century all murderers and kidnappers were informing their employers what they have done by mail signing with their full names- no keys are ever hidden in the jars (checked all of them)- windows tend to break, objects tend to fall without any specific reason at times- candles are very heavy and can never be taken with you, it's good that...- ... there are lots of matches, yet that seems to never cease to amaze me. A matchbox!Play Gone Home instead.			",86,121,0,20,12,2,41
http://steamcommunity.com/id/foxstorm_rage/,14,0,1.9,"
				2 of 5 people (40%) found this review helpful			","er 17, 2016
												mehit's a decent game if you've never played ""scratches"" but if you have you'll immediately notice it's a direct ripoff, not even that good of a ripoff, scratches at least had around 12 hours of gameplay and a better plot. game is very linear (get item, open door with item, solve puzzle, go to next puzzle etc) 3 of the puzzles are even repetitive, e.g. 2 piecing together torn up notes puzzles, 2 ""turn the pipes, connect the flow"" puzzles, 2 look carefully at the photograph to find the hidden message puzzles. you run around finding notes and uncovering the story of why you're there (which at least gave it some depth, though not much.) a handful of 2spoopy4me jumpscares and glitchy movement mechanics make this game a decent attempt, but hardly worth it. save your money.			",117,90,0,5,2,0,3
http://steamcommunity.com/id/olivemoondesign/,112,0,2.6,"
				2 of 5 people (40%) found this review helpful			","17
												Sigh.. game unfinishable due to glitches. Kind of a bummer.			",60,26,0,8,1,0,3
http://steamcommunity.com/profiles/76561198024930759/,14,0,2.2,"
				2 of 5 people (40%) found this review helpful			","er 29, 2016
												Pros:Less than $1. Cons:Boring AF.Last puzzle glitched out.Constantly running into ♥♥♥♥ that impedes already super slow walking.			",27,9,0,9,8,0,2
http://steamcommunity.com/id/yaya14/,36,0,1.1,"
				1 of 3 people (33%) found this review helpful			","27
												Yeah, this game is cheap(especially in sale)s but, it's too buggy/glitches, too short and the story just don't exist			",303,124,4,35,9,3,21
http://steamcommunity.com/profiles/76561198350363013/,11,1,0.1,"
				1 of 3 people (33%) found this review helpful			","er 10, 2016
												I don't like horrors, but this game is realy nice. Intriguing story. I hope, I'll go through this game			",3,0,0,0,0,0,0
http://steamcommunity.com/id/dshirle7/,35,0,1.5,"
				4 of 9 people (44%) found this review helpful			","er 28, 2016
												A year and a half ago this developer was told about a showstopper bug on their Steam forums. They replied, insinuating that they were trying to find a solution.I just encountered this same bug. A bug which has no business existing a year and a half later.Developer's apathy will prematurely end your experience of their banal, ineffective game.			",56,35,0,13,4,2,15
http://steamcommunity.com/id/luizamit/,18,0,2.5,"
				2 of 5 people (40%) found this review helpful2 people found this review funny			","1
												Boring and repetitive game. In the last room i got stucked by a bug and found out that if you click too fast in the puzzle, the gate doens't open and you can't finish the game :) Aaaaaaaand it's irreversible! I won't play this **** again just to know the ending. It's not worth it. Also, it seems you can complete the game by flying through the walls with a chair. Great.I lost 2 hours of my life ",260,174,3,52,45,0,27
http://steamcommunity.com/profiles/76561198033137384/,38,0,0.4,"
				2 of 5 people (40%) found this review helpful2 people found this review funny			","y 7
												This game should've been called ""House of infinite empty drawers"".Having walked slowly through corridors and opened lots of drawers and cabinets in 15 minutes, this game just can't hold my attention any longer. Maybe there's a story somewhere, but I can't be bothered to find out, it's just too dull and slow.			",235,110,5,38,20,1,31
http://steamcommunity.com/profiles/76561198040466770/,5,0,2.0,"
				1 of 3 people (33%) found this review helpful2 people found this review funny			","er 10, 2016
												I have read countless times from other reviews that this game or that game had clunky controls and I never really understood what that meant.  After playing this game I can probably say I now do.  Walking up stairs in this game felt like I was a stick of melting butter.  Also the story is boring.			",356,241,1,22,10,2,29
http://steamcommunity.com/id/Iriisviel/,40,1,2.2,"
				0 of 1 people (0%) found this review helpful			","ry 27
												100/100			",546,132,22,49,59,2,55
http://steamcommunity.com/id/Beast-Boy117/,32,1,0.3,"
				0 of 1 people (0%) found this review helpful			","y 22
												This is a spooky ♥♥♥ game.			",0,0,0,0,0,0,0
http://steamcommunity.com/profiles/76561198040466770/,60,0,2.0,"
				1 of 3 people (33%) found this review helpful2 people found this review funny			","er 10, 2016
												I have read countless times from other reviews that this game or that game had clunky controls and I never really understood what that meant.  After playing this game I can probably say I now do.  Walking up stairs in this game felt like I was a stick of melting butter.  Also the story is boring.			",356,241,1,22,10,2,29
http://steamcommunity.com/id/RA1ZO/,30,1,2.9,"
				0 of 1 people (0%) found this review helpful			","y 21
												Not a bad game for the price. though I'd hold out for a sale or a coupon. Not heavy on the story and the puzzles are somewhat intriguing but some of the voice acting could use a little work. Then again, what do you want for a $5 game. It looks pretty good, is somewhat atmospheric and only takes about 2 hours to complete. Also, like others have said, it's a pretty easy game to '100%'.			",138,20,1,3,3,0,1
http://steamcommunity.com/profiles/76561197970369393/,13,1,3.8,"
				0 of 1 people (0%) found this review helpful1 person found this review funny			","ry 13
												Well I do have to point out my review is based upon the fact that this game cost me 15p (15 pence) about a 6th of £1. It may as well have been free. That being said I really liked it. A slightly annoying feature is that certain things are not accessable until further progression. Nice simple atmosphere not very long game but a nice afternoon spent on it. Sometimes you just need a puzzle or two rather than a frag fest.			",120,29,1,7,14,0,5
http://steamcommunity.com/id/easy2findme/,2,1,0.6,"
				0 of 1 people (0%) found this review helpful			","ry 13
												I have only played 40 minutes of the game but within that 40 minutes I have came to the conclusion that this is better than a lot of full priced £10+ games on the market.  I got this for 15p and will finish through it eventually but for the money its worth it.  Several puzzles and semi good atmosphere.			",0,0,0,0,0,0,0
http://steamcommunity.com/id/scade/,38,1,2.0,"
				0 of 1 people (0%) found this review helpful			","er 11, 2015
												That was a strange experience :DI'm not a big fan of this kind of atmospheric game because i d'ont like to be afraid. But nevertheless, i think it's a good game, even though the description text of the game is a bit exagerated :pTook me two hours to finish. Nothing really hard or challenging, nothing that will blow your mind, but still, it's well crafted  and i often felt uncomfortable walking around those dark rooms and looking at every corner with aprehension, and the story was both interesting and shady.So i'd say this game is worth its price ! Good job Rosebud, and i hope you'll be able to finish Death in candlewood now !			",0,0,0,0,0,0,0
http://steamcommunity.com/profiles/76561197960472753/,8,1,1.7,"
				0 of 1 people (0%) found this review helpful			",", 2015
												While it's a rather short game, House of Caravan doesn't skip on atmosphere and the puzzles are a decent enough challenge, particularly those involving photographs, to keep you busy so that you don't blow through the entire thing too swiftly. The game also serves (as I understand it) as a prelude to unfortunately failed kickstarter project ""Death in Candlewood"" and offers a bit of flavor for the world they had built for that game. Whether or not that project ever sees completion, House of Caravan provides an interesting enough short mystery story to keep you interested as you move through the house trying to find a way out.			",388,161,3,39,13,1,20
http://steamcommunity.com/profiles/76561198000712606/,99,1,4.1,"
				0 of 1 people (0%) found this review helpful			","r 28, 2015
												Like in the vain of the new atmospheric adventure games this game is similar to what you get in The Park and Gone Home.Still here? Good.  Than like me you gravitate to these exploration and story based games.  And this story based game is all about the old school horror of Poe and similar writers. Taking much influence from the Fall of the House of Usher you find yourself as a young man in a decaying mansion that creaks and moans as you try to find a way out.  The story is told through letters you find along the way.  There are also keys to find and puzzles to solve.The sound is quiet good as it has that Vincent Price/ Edgar Allen Poe movie quality to it.   If you are into the old school turn of the century horror you will also notice the many books and music around the house that gives nod to that form of terror.I found it a joy to read the titles of the books while lighting every room hoping nothing went boo around the next corner.But like I said, I gravitate to these exploration and atmospheric story based games where the horror does not come from the monster that you can see (no monster at all) but the horror of what people are willing to do to protect what they find most important and the tragedy of human choice. That basic fear of the unknown that has us flinching at the merest trick of light and shadow and our own imagination.			",124,44,4,26,12,0,2
http://steamcommunity.com/id/BettyNetch/,30,0,3.7,"
				0 of 1 people (0%) found this review helpful			","ry 9
												Uhg.  I tried to give this game the benefit of the doubt and played all the way through, lucky for me it was pretty short. The story is weak and the puzzles are mediocre at best. Games like The Vanishing of Ethan Carter have proven that simple is fine, even good, so long as the story is compelling, but the house of caravan just does not deliver. Sadly, not worth the money or time.			",67,34,0,31,8,0,3
http://steamcommunity.com/profiles/76561198066534687/,53,0,2.2,"
				0 of 1 people (0%) found this review helpful			","ry 4
												Crashed 1h into the game. Really sad that there is no autosave. I think too much effort into 3D and not enough to puzzles and game play.			",32,35,1,9,7,0,14
http://steamcommunity.com/id/INCISIVENESS/,8,0,1.6,"
				0 of 1 people (0%) found this review helpful			","ry 23
House of Caravan is a dull and uninteresting mystery puzzle game with mediocre voice acting. The achievements were easy to aquire, but that is pretty much it.			",38,12,0,2,1,0,1
http://steamcommunity.com/id/GotToBomb9/,67,1,0.4,"
				0 of 1 people (0%) found this review helpful2 people found this review funny			","9
												No clue what this game is about, but I'm coming for that any% speedrun WR...			",252,13,4,17,13,4,14
http://steamcommunity.com/profiles/76561198359669401/,20,1,0.1,"
				0 of 1 people (0%) found this review helpful			","31
												have fun on it :)			",33,7,1,2,1,0,1
http://steamcommunity.com/id/HeyChildren/,112,1,1.8,"
				2 of 6 people (33%) found this review helpful			","ry 7
												> Got from random key> Left uninstalled for months > Installed it> Started game > Realised I'm a pu55y and that I'm r3t4rd3d.> Closed game.10/10			",100,24,6,17,12,2,7
http://steamcommunity.com/profiles/76561198009908776/,42,0,2.0,"
				0 of 1 people (0%) found this review helpful			","ry 4
												This game had a lot of potential to be very Amnesia-like but failed to deliver, only offering simple puzzles and cheap frights that repeated themselves.  For the price it isn't bad (currently $5); however, it took less than two hours to complete.  With that said, the lack of delivery would lead me to not recommend this game at this time.			",112,23,1,5,10,1,5
http://steamcommunity.com/profiles/76561198323092446/,15,0,2.6,"
				0 of 1 people (0%) found this review helpful			","ry 23
												Hrmm... Not sure exactly what this game was all about except for a ton of back tracking to open doors.Story line severly lacking any conclusion in the ending. Unsure if this is supposed to be chapter by chapter game.I want to recommend this game. I paid a grand total of $0.23 NZ cents for this game. But it was just so empty of aconclusion or hinting to anything more that I cannot recommend it until there is something more... *shrug*			",7,5,0,0,2,0,0
http://steamcommunity.com/id/BettyNetch/,23,0,3.7,"
				0 of 1 people (0%) found this review helpful			","ry 9
												Uhg.  I tried to give this game the benefit of the doubt and played all the way through, lucky for me it was pretty short. The story is weak and the puzzles are mediocre at best. Games like The Vanishing of Ethan Carter have proven that simple is fine, even good, so long as the story is compelling, but the house of caravan just does not deliver. Sadly, not worth the money or time.			",67,34,0,31,8,0,3
http://steamcommunity.com/profiles/76561198164016063/,25,0,3.7,"
				7 of 16 people (44%) found this review helpful			","r 30, 2016
												pros- creepy atmosphere- nice graphicscons- boring and monotonous gameplay- terribly designed repetetive puzzles. i especially hated letter puzzles.- clunky inventory- uninteresting story- game is too dark- game is too short- bad voice acting- frequently repeated earthquakes halts gaming progress and getting tedious after a while.			",6,59,0,0,0,0,0
http://steamcommunity.com/id/CrazyCanuck84/,12,0,3.1,"
				3 of 8 people (38%) found this review helpful			","y 14, 2016
OverviewHouse of Caravan is a slow paced puzzle game, where you explore a mysterious mansion and solve puzzles to figure out how to get out.The game was fun, up until the point where I encountered a game breaking bug, about ten minutes from the end of the game. The developers have failed to respond, and I’ve yet to find a solution, so until that time comes, I can’t recommend the game, on the off chance it happens.ProsDecent graphicsInteresting story, mainly told through the documents you can findPuzzles aren’t overly complicatedConsEvery time you pick something up, your character comments. Picking up the 11th matchbox to hear him say “a matchbox” for the eleventh time is redundantPretty short for its pricePuzzles are repetitiveDoesn’t tell you anythingSummaryIt started out interesting until the bug. While doing an electrical puzzle (connect end to end), the switch pulled and my character said “perfect!” as if it was complete. I then went to pull the rod, but it didn’t work. Double checked the electric box, and I couldn’t interact with it, which led me to believe that yes, I actually did finish it.I reloaded my game, same thing. I quit the game, started it back up, loaded, and same issue; I just could not proceed. POTENTIAL SPOILER: For those who are curious, it’s at the entrance to the crypt, trying to open the jail door.I then decided to start a new game, then quit and load, but no, starting a new game overwrites the save. The game did not inform me that starting new would erase my save, and I didn’t even attempt to save after starting fresh. Not that the game is overly long (easily finished in half an hour), but I didn’t feel like redoing all that just to see two more rooms and the ending.Until the developer corrects this issue, I can’t recommend this as a buy. Give it a try if you get it in a bundle, or you’re somehow given a free copy. Should this be corrected, I’ll gladly revise this review in favor of the developer.			",829,311,13,66,98,5,80
http://steamcommunity.com/id/HeyChildren/,20,1,1.8,"
				2 of 6 people (33%) found this review helpful			","ry 7
												> Got from random key> Left uninstalled for months > Installed it> Started game > Realised I'm a pu55y and that I'm r3t4rd3d.> Closed game.10/10			",100,24,6,17,12,2,7
http://steamcommunity.com/id/Xirica/,15,0,2.4,"
				1 of 4 people (25%) found this review helpful			","er 11, 2016
												In a very short conclusion the game was way too short, besides that I found it to ""darky"" and the puzzels where ok! I bought this game at -90% but if you want to play it!? Save your money cause this game isn't worth 4,99€.			",116,22,2,8,5,1,9
http://steamcommunity.com/profiles/76561198054322127/,88,0,1.1,"
				1 of 4 people (25%) found this review helpful1 person found this review funny			","y 2
												An excellent drawer opening simulator. And that's about it.			",32,22,3,25,6,0,18
http://steamcommunity.com/id/Legion563/,3,1,1.6,"
				0 of 2 people (0%) found this review helpful			","r 30, 2015
												100% Completion in just over a hour and a half. Abit too short even for its price, I've seen alot more for less. A Amnesia like game but with 0 monsters etc. Worth a play at sale price.			",661,123,18,35,72,4,84
http://steamcommunity.com/profiles/76561198224200580/,6,0,0.2,"
				0 of 2 people (0%) found this review helpful1 person found this review funny			","17
												It's a good thing I got this game for 49 cents, because that's how much it's worth.			",0,0,0,0,0,0,0
http://steamcommunity.com/id/tvstadium/,35,1,0.4,"
				0 of 2 people (0%) found this review helpful			","28
												I spent 30 cents on this game and it was the best 30 cents I have ever spent.			",13,0,0,0,0,0,1
http://steamcommunity.com/id/harixcoach/,13,1,4.2,"
				0 of 2 people (0%) found this review helpful			","y 13
												I bought this game with sale coupon, it's worth the money :)+Trading cards			",154,40,2,8,3,0,11
http://steamcommunity.com/profiles/76561198046882512/,4,0,7.9,"
				2 of 7 people (29%) found this review helpful			","ry 10
												This game is a total waste of time and money, and the best I can really say for it is that it doesn’t waste much of either. In fact, in a day or two, you’ll probably have forgotten it entirely.			",177,38,4,16,5,3,16
http://steamcommunity.com/id/Capt-Shadi/,20,0,0.2,"
				1 of 5 people (20%) found this review helpful			","26
												Selly game, not worth even to be played free,			",0,0,0,0,0,0,0
http://steamcommunity.com/id/RTStrike/,27,1,2.8,"
				0 of 2 people (0%) found this review helpful1 person found this review funny			","er 9, 2016
												I've never seen a chair that is able to lift an entire human beaing from the ground. But then again, I'd never seen a real chair as a kid. Mom said they were too expensive, so we sat on uncle Jeb's lap. He touched us sometimes, and we felt unconfortable, but dad said it was ok to feel like that sometimes. Anyways, to this point, I know ♥♥♥♥ all about this game's story, since it only took me one magical chair ride to take me to the exit. If you end up knowing something about the game's plot, hit me up.8/10 - The kitchen looks really good			",102,17,3,5,12,0,5
http://steamcommunity.com/id/azkaaaa9/,5,1,0.2,"
				0 of 3 people (0%) found this review helpful			","ry 14
												nice			",16,1,0,0,0,0,0
http://steamcommunity.com/id/THAGOVERNMENT/,21,1,3.0,"
				0 of 3 people (0%) found this review helpful3 people found this review funny			","7
												I'm rank 14th in the world in out of bounds any% house of caravan speedruns.Great game, definitely worth 50 cents, just make sure you grab a chair.			",245,39,6,41,15,0,21
http://steamcommunity.com/id/sehensabier/,11,0,0.3,"
				2 of 8 people (25%) found this review helpful			","y 3
												Oh welp, just another copy of Amnesia TDD, with even the similar font, interaction and the beginning?No thanks. ",51,12,0,1,1,0,0
http://steamcommunity.com/profiles/76561198286620532/,5,1,4.7,"
				1 of 6 people (17%) found this review helpful			","4
Product received for free
												ok			",69,13,1,3,1,0,5
http://steamcommunity.com/id/Bekala/,5,1,3.8,"
				0 of 4 people (0%) found this review helpful			","er 29, 2016
												god damn it !! -_-			",0,0,0,0,0,0,0
http://steamcommunity.com/id/hmzaqmr/,7,1,0.7,"
				2 of 10 people (20%) found this review helpful			","er 28, 2016
												Nice game but short game story;)			",43,16,3,0,0,0,0
http://steamcommunity.com/profiles/76561198042052301/,10,0,1.4,"
				4 of 16 people (25%) found this review helpful			","y 9
												You can pass on this game.			",606,218,13,34,52,7,47
